 0     943
 1     942
 2     937
 3     942
 4     938
 5     936
 6     943
 7     943
 8     939
 9     940
10     940
11     948
12     946
13     942
14     947
15     951
16     950
17     949
18     955
19     963
20     966
21     974
22     980
23     996
24     1049
25     1197
26     1761
27     1851
28     1256
29     1048
30     992
31     974
32     965
33     956
34     952
35     955
36     945
37     946
38     941
39     944
40     944
41     945
42     940
43     942
44     942
45     946
46     942
47     939
